0.01132275578253555
0.047989095748003696
0.10852651778100603
0.189813806920454
0.28790682626617137
0.39760616363001505
0.5134908243950062
0.629848914509183
0.740918645863284
0.8412784595584328
0.926661596688981
0.993350901275826
1.0378746166324317
1.0586892378190027
1.0556749008864583
1.029435249010828
0.9817448141035305
0.9156634848026362
0.8347828055515729
0.7438381096247981
0.647850966224685
0.5523149608987162
0.4625637717540743
0.3834636122150847
0.319122422168236
0.273172349306268
0.24853887770962554
0.2466306685377887
0.2677599323615702
0.31123134225243354
0.3753007878387951
0.45723334288160616
0.5538161597355002
0.6608368060593593
0.7736166119494549
0.8879952304575426
0.9996669766315446
1.1040920681344966
1.197611091668959
1.2774151856310771
1.3410618922711297
1.3867385503184522
1.4139590603323322
1.422852051351957
1.4140777777288738
1.3893834962143417
1.3518556361371523
1.3045386286994844
1.251334342680734
1.1962268265716538
1.1430474077849224
1.0953552938570115
1.056924771543641
1.0303294546392487
1.0174143915340894
1.0196864223750535
1.0384129576483252
1.074032229713881
1.1258426824609162
1.1929235902086208
1.2730874195580553
1.36409431529255
1.463257304165394
1.567601185797853
1.6737683005997959
1.7786290076662932
1.8792249710848277
1.9723690614730314
2.055782387064778
2.127466346417357
2.1859010457785373
2.229915173051336
2.259734693330967
2.276280096687776
2.2810794762677458
2.276210129621243
2.2638273203733923
2.2463062065831396
2.2264272401900334
2.2063824025578493
2.1883233578424206
2.1747306955379053
2.1682819010033056
2.171100870789568
2.1846393518073697
2.2097800146609776
2.2468726023731773
2.2960732013422227
2.356960636643129
2.427953779944046
2.506947573800569
2.5913952976586363
2.6789017872163248
2.766637836860043
2.85289867430121
2.9354689640403238
3.012547978990408
3.0828221089726653
3.14522864921763
3.1998742376481535
3.2473580911216455
3.288418225960383
3.3239005771397068
3.3548059729554454
3.3829553367046454
3.409934937435332
3.4375449682988335
3.4682577791604183
3.5040280002736712
3.547012427171244
3.599027939226782
3.660427710992209
3.732959870498036
3.8169544391114623
3.912921556831664
4.019087695354048
4.133429657130681
4.2536266914807355
4.377597665094582
4.503752042759577
4.629941620793507
4.753885794112261
4.873862579706762
4.988370237040289
5.095405797274482
5.193845237931032
5.281881226782113
5.3582930312902946
5.4222322044199815
5.472903148500542
5.51031298721
5.534818551876752
5.547146624588372
5.547445215423318
5.536043253652955
5.513292458328648
5.479385498820478
5.434416503694016
5.378982518888672
5.313066853712046
5.237146534030156
5.15119674748937
5.054189145644613
4.94605899571288
4.826804405242353
4.696593736420618
4.555799945195806
4.404444537915302
4.2431753194379604
4.072979786233661
3.8945077895023266
3.708016839316282
3.5133436693035014
3.311750057105123
3.104677843089305
2.894216322858085
2.6824718252752993
2.471219837181939
2.2624520955605973
2.058299541480894
1.8599641739017294
1.6690361016697612
1.4866174557149705
1.3137127778574573
1.1513473953053852
1.0001200485478616
0.8606998730608757
0.733484117573232
0.6187065048302967
0.5161906994781444
0.4257047331007788
0.34696833766500823
0.2793692705186466
0.22234820661366486
0.17493431699090844
0.13640865492136864
0.10592323546757389
0.08421302921969574
0.06965349734929532
0.06100341778412622
0.057153695624312995
0.05725025153982804
0.06043893324676736
0.06607641799643606
0.07359365737497885
0.08251112206096635
0.09234964532201433
0.10275211724445787
0.11341901731574161
0.12416977537705001
0.13471210381126744
0.1448839677369192
0.15445798522793358
0.1633453726757697
0.17141644760589342
0.17845671207824554
0.18447376257516301
0.1894211301690956
0.1932911738770848
0.19605919701636176
0.197581421010126
0.19798098680010232
0.19739503432806135
0.19596959270531575
0.19370365512343476
0.19054920005472195
0.186466855902596
0.1814417565785975
0.17561985620493661
0.16904930725334735
0.161877480243258
0.1541883673254018
0.14589002431152073
0.13709839912525804
0.12794804864668408
0.11873196349423293
0.1098000753350181
0.1013758867005605
0.09370563745989338
0.0870594856685075
0.08162359465303508
0.07750659183856326
0.07484932746737503
0.07367163577684152
0.0740825063739265
0.07598189262792926
0.07792124404644278
0.07979680151669738
0.0815151743555672
0.08310008245675723
0.08456137870750768
0.08594652432165292
0.087355421582164
0.08891179099003993
0.09058654742309566
0.09244924949472605
0.0945250311165665
0.09687844565338206
0.09952397188658368
0.10248431897312951
0.10576251042499638
0.10940548156170889
0.1132467038173728
0.11718014200832252
0.12105144900888222
0.12485404564373176
0.12856265640593081
0.13212710352041923
0.13556277905944003
0.1389536642060224
0.14241640612781756
0.1461291771162601
0.15029810514297445
0.15507435027348615
0.160653263533766
0.16679638557308704
0.17342737282849952
0.18032853098557616
0.18738280224732298
0.19445767756186375
0.20133043902893807
0.20789027229491347
0.21423848397503856
0.22048320519906078
0.22672411031372505
0.2331135925086388
0.23968941899499105
0.24656929701136424
0.2538743437257763
0.261583115193329
0.2698795424229611
0.2787194181109906
0.2878821549051331
0.29725470352464883
0.30670463923363445
0.31637218012557455
0.3263035124447147
0.3362323374910353
0.3459254268318454
0.3550822086276828
0.3637267536936913
0.37183240877616597
0.3795828288140982
0.387153568242836
0.394824211056965
0.4027419391984091
0.41097011040050446
0.41964343793670233
0.4288985612517636
0.4387448191780105
0.44907937410728815
0.45962037477637263
0.47016730814089014
0.4803157435448459
0.4899181712234056
0.49855088259678204
0.5062090596173477
0.5133042381406978
0.5197980931736159
0.5258983602230288
0.531685841790734
0.5373313795335187
0.5430139901265589
0.5489111843975812
0.5552202255331
0.5619451392394692
0.5693014324457488
0.5772041713991308
0.5853892829403071
0.5932614149426153
0.6009463166069128
0.6083533544923075
0.6151472961078633
0.6214596503255662
0.627131504511154
0.6317330970553451
0.6351916841608889
0.6377953721056564
0.639650918379663
0.6412187644318396
0.6431289038065771
0.645430541016222
0.6479792267036311
0.6512990175291736
0.6556813698956463
0.6607083859546233
0.6662700123769869
0.6719737376990428
0.6772177023724193
0.6817184572898226
0.6850469448537447
0.6868244527881484
0.6869436957439184
0.6854913621500287
0.6829484405823969
0.6796477396586635
0.6760591747645219
0.6727852203865732
0.6701007725775958
0.6679563566988146
0.666166448357175
0.66482715960527
0.663976793967139
0.6634705483950691
0.6630536733654938
0.6626712718828806
0.6617489989940423
0.6598569384662748
0.6570704269760842
0.6532306263937208
0.6484870338548198
0.6430779378588969
0.6367474605727008
0.6293879909928318
0.620980513293352
0.61230194735904
0.6039178847074396
0.5961545966039393
0.589306726691288
0.5834816144277162
0.5787613162121293
0.5748973190247783
0.5715836474501432
0.5686014162745346
0.5655434620699964
0.5619552205779058
0.557567810146381
0.5520993422648041
0.5451319290813446
0.5370068299711218
0.5277658080365983
0.5176390686657169
0.5069283464743678
0.4962898366273892
0.486157511605753
0.47686311773531415
0.4684871899198699
0.4611301590503291
0.45477313325717406
0.44912284500691374
0.44401109979103165
0.43941707731585244
0.43500899580855795
0.4303080188445242
0.4248841623600201
0.4183365579044383
0.41055852469654563
0.4017491903485907
0.392133368134869
0.38173252616505843
0.370655075278205
0.3591335562747243
0.34774533323843915
0.3368418147095279
0.3267418030412658
0.318011370020453
0.3108274127043669
0.30521104521598363
0.30077323982158805
0.29706725163259917
0.29371505967365336
0.29007385772128136
0.2858047818706887
0.2804901038620661
0.27392674206220846
0.26607383011078345
0.257092275181416
0.2473795510785928
0.23717753099188635
0.2269692236946821
0.21729352619052153
0.208611585211623
0.20108533357314712
0.1949684915368199
0.19013436794065325
0.18646419731179426
0.18356501927583493
0.1811298926767934
0.17901596813090487
0.17694009223971066
0.1744502841347777
0.1711859663073628
0.1669446703035427
0.16155613957660067
0.15511439542408476
0.14788189663241347
0.14009241273501633
0.1321555236935449
0.12450584112187876
0.11744681285085513
0.11129528150235082
0.10624137451169287
0.1024292317007328
0.10006896182910943
0.09890295202176307
0.09854274808781645
0.098580418505509
0.09855890511726362
0.09800851321254844
0.09649124506469647
0.09371942019989862
0.08968388414086258
0.08448597957733466
0.07843960165302644
0.07193551550762434
0.06543367238184761
0.05936955363291201
0.054206585657234116
0.05029833181116707
0.04778870556941497
0.046715595159731
0.046837455890595875
0.04786947416678729
0.04932313773732705
0.05068807509436787
0.05159474875998908
0.051797254948147166
0.050999174791214234
0.049129098275692146
0.04621725066216424
0.042391202518460985
0.03792317019925379
0.03314497807916729
0.028482099690227868
0.02441430617406809
0.021262654342988598
0.019242064099938942
0.018447256264048927
0.018826067243401454
0.020197973977529506
0.02227470638171745
0.024656509847860497
0.02690625768237891
0.028581477817346754
0.02939508397525353
0.029106177004734154
0.027607807907222025
0.024923598611514202
0.0213694429546198
0.017300330698145922
0.013161848628011017
0.009392717808158502
0.00641449450848016
0.004567133802809068
0.004011975264393957
0.004711392484303689
0.006517815994709429
0.009140022916228176
0.012196848050681556
0.015234434348131697
0.017792727891999132
0.019506660793331656
0.020066389795730187
0.01941862355121507
0.017640327292318868
0.01492300343975328
0.011610608706153103
0.008104505403680453
0.004850219065538194
0.0022210325957809263
0.0005376474768586353